start=57.133000
speed=0.111678
pause=yes
