start=74.797552
sub-delay=0.100000
