start=8.209875
sub-delay=0.100000
