start=1127.059267
sub-delay=-0.100000
