start=859.500626
volume=106.000000
audio-delay=-0.500000
deinterlace=yes
vid=no
