start=49.635469
volume=124.000000
aid=1
sub-delay=-0.200000
