start=44.640000
sub-delay=-0.100000
