start=214.591000
osd-level=3
volume=106.000000
vid=no
