start=69.840000
volume=118.000000
